(kicad_pcb (version 20171130) (host pcbnew "(5.1.9)-1")

  (general
    (thickness 1.6)
    (drawings 9)
    (tracks 130)
    (zones 0)
    (modules 14)
    (nets 13)
  )

  (page A4)
  (layers
    (0 F.Cu signal)
    (31 B.Cu signal)
    (32 B.Adhes user)
    (33 F.Adhes user)
    (34 B.Paste user)
    (35 F.Paste user)
    (36 B.SilkS user)
    (37 F.SilkS user)
    (38 B.Mask user)
    (39 F.Mask user)
    (40 Dwgs.User user)
    (41 Cmts.User user)
    (42 Eco1.User user)
    (43 Eco2.User user)
    (44 Edge.Cuts user)
    (45 Margin user)
    (46 B.CrtYd user)
    (47 F.CrtYd user)
    (48 B.Fab user)
    (49 F.Fab user)
  )

  (setup
    (last_trace_width 0.25)
    (user_trace_width 0.5)
    (user_trace_width 1)
    (user_trace_width 2)
    (trace_clearance 0.2)
    (zone_clearance 0.508)
    (zone_45_only no)
    (trace_min 0.2)
    (via_size 0.8)
    (via_drill 0.4)
    (via_min_size 0.4)
    (via_min_drill 0.3)
    (uvia_size 0.3)
    (uvia_drill 0.1)
    (uvias_allowed no)
    (uvia_min_size 0.2)
    (uvia_min_drill 0.1)
    (edge_width 0.05)
    (segment_width 0.2)
    (pcb_text_width 0.3)
    (pcb_text_size 1.5 1.5)
    (mod_edge_width 0.12)
    (mod_text_size 1 1)
    (mod_text_width 0.15)
    (pad_size 1.35 4.2)
    (pad_drill 0)
    (pad_to_mask_clearance 0)
    (aux_axis_origin 0 0)
    (visible_elements 7FFFFFFF)
    (pcbplotparams
      (layerselection 0x010fc_ffffffff)
      (usegerberextensions false)
      (usegerberattributes true)
      (usegerberadvancedattributes true)
      (creategerberjobfile true)
      (excludeedgelayer true)
      (linewidth 0.100000)
      (plotframeref false)
      (viasonmask false)
      (mode 1)
      (useauxorigin false)
      (hpglpennumber 1)
      (hpglpenspeed 20)
      (hpglpendiameter 15.000000)
      (psnegative false)
      (psa4output false)
      (plotreference true)
      (plotvalue true)
      (plotinvisibletext false)
      (padsonsilk false)
      (subtractmaskfromsilk false)
      (outputformat 1)
      (mirror false)
      (drillshape 0)
      (scaleselection 1)
      (outputdirectory "Gerber/"))
  )

  (net 0 "")
  (net 1 "Net-(CC1-Pad1)")
  (net 2 "Net-(CC1-Pad2)")
  (net 3 "Net-(CC2-Pad2)")
  (net 4 "Net-(CC2-Pad1)")
  (net 5 VCC)
  (net 6 GND)
  (net 7 "Net-(U1-Pad3)")
  (net 8 "Net-(U1-Pad8)")
  (net 9 "Net-(U1-Pad4)")
  (net 10 "Net-(U1-Pad6)")
  (net 11 "Net-(CDC1-Pad1)")
  (net 12 "Net-(U2-Pad4)")

  (net_class Default "This is the default net class."
    (clearance 0.2)
    (trace_width 0.25)
    (via_dia 0.8)
    (via_drill 0.4)
    (uvia_dia 0.3)
    (uvia_drill 0.1)
    (add_net GND)
    (add_net "Net-(CC1-Pad1)")
    (add_net "Net-(CC1-Pad2)")
    (add_net "Net-(CC2-Pad1)")
    (add_net "Net-(CC2-Pad2)")
    (add_net "Net-(CDC1-Pad1)")
    (add_net "Net-(U1-Pad3)")
    (add_net "Net-(U1-Pad4)")
    (add_net "Net-(U1-Pad6)")
    (add_net "Net-(U1-Pad8)")
    (add_net "Net-(U2-Pad4)")
    (add_net VCC)
  )

  (module AdditionalLibs:SAMTEC_SMA-J-P-H-ST-EM1 (layer F.Cu) (tedit 60249D12) (tstamp 602526FD)
    (at 91.948 80.264 270)
    (path /60104F62)
    (fp_text reference J1 (at -0.34105 -3.66967 90) (layer F.SilkS)
      (effects (font (size 1 1) (thickness 0.015)))
    )
    (fp_text value SMA-J-P-H-ST-EM1 (at 11.20429 12.3677 90) (layer F.Fab)
      (effects (font (size 1 1) (thickness 0.015)))
    )
    (fp_line (start -3.75 2.15) (end -3.75 -2.55) (layer F.CrtYd) (width 0.05))
    (fp_line (start -3.415 2.15) (end -3.75 2.15) (layer F.CrtYd) (width 0.05))
    (fp_line (start -3.415 11.67) (end -3.415 2.15) (layer F.CrtYd) (width 0.05))
    (fp_line (start 3.415 11.67) (end -3.415 11.67) (layer F.CrtYd) (width 0.05))
    (fp_line (start 3.415 2.15) (end 3.415 11.67) (layer F.CrtYd) (width 0.05))
    (fp_line (start 3.75 2.15) (end 3.415 2.15) (layer F.CrtYd) (width 0.05))
    (fp_line (start 3.75 -2.55) (end 3.75 2.15) (layer F.CrtYd) (width 0.05))
    (fp_line (start -3.75 -2.55) (end 3.75 -2.55) (layer F.CrtYd) (width 0.05))
    (fp_line (start 3.175 -1.91) (end 3.165 1.9) (layer F.Fab) (width 0.1))
    (fp_line (start -3.175 -1.91) (end 3.175 -1.91) (layer F.Fab) (width 0.1))
    (fp_line (start -3.165 1.9) (end -3.175 -1.91) (layer F.Fab) (width 0.1))
    (fp_line (start 3.165 1.9) (end 5 1.9) (layer F.Fab) (width 0.1))
    (fp_line (start -3.165 1.9) (end 3.165 1.9) (layer F.Fab) (width 0.1))
    (fp_line (start -5 1.9) (end -3.165 1.9) (layer F.Fab) (width 0.1))
    (fp_line (start -3.165 11.42) (end -3.165 1.9) (layer F.Fab) (width 0.1))
    (fp_line (start 3.165 11.42) (end -3.165 11.42) (layer F.Fab) (width 0.1))
    (fp_line (start 3.165 1.9) (end 3.165 11.42) (layer F.Fab) (width 0.1))
    (fp_text user PCB~EDGE (at 4.30403 1.70159 90) (layer F.Fab)
      (effects (font (size 0.48 0.48) (thickness 0.015)))
    )
    (pad 3_2 smd rect (at 2.825 -0.2 270) (size 1.75 4.2) (layers B.Cu B.Paste B.Mask)
      (net 6 GND))
    (pad 2_2 smd rect (at -2.825 -0.2 270) (size 1.75 4.2) (layers B.Cu B.Paste B.Mask)
      (net 6 GND))
    (pad 3_1 smd rect (at 2.825 -0.2 270) (size 1.75 4.2) (layers F.Cu F.Paste F.Mask)
      (net 6 GND))
    (pad 2_1 smd rect (at -2.825 -0.2 270) (size 1.75 4.2) (layers F.Cu F.Paste F.Mask)
      (net 6 GND))
    (pad 1 smd rect (at 0 0 270) (size 1.27 3.6) (layers F.Cu F.Paste F.Mask)
      (net 2 "Net-(CC1-Pad2)"))
  )

  (module AdditionalLibs:SAMTEC_SMA-J-P-H-ST-EM1 (layer F.Cu) (tedit 60249D12) (tstamp 60252D13)
    (at 114.935 80.264 90)
    (path /60106D72)
    (fp_text reference J2 (at -0.34105 -3.66967 90) (layer F.SilkS)
      (effects (font (size 1 1) (thickness 0.015)))
    )
    (fp_text value SMA-J-P-H-ST-EM1 (at 11.20429 12.3677 90) (layer F.Fab)
      (effects (font (size 1 1) (thickness 0.015)))
    )
    (fp_line (start -3.75 2.15) (end -3.75 -2.55) (layer F.CrtYd) (width 0.05))
    (fp_line (start -3.415 2.15) (end -3.75 2.15) (layer F.CrtYd) (width 0.05))
    (fp_line (start -3.415 11.67) (end -3.415 2.15) (layer F.CrtYd) (width 0.05))
    (fp_line (start 3.415 11.67) (end -3.415 11.67) (layer F.CrtYd) (width 0.05))
    (fp_line (start 3.415 2.15) (end 3.415 11.67) (layer F.CrtYd) (width 0.05))
    (fp_line (start 3.75 2.15) (end 3.415 2.15) (layer F.CrtYd) (width 0.05))
    (fp_line (start 3.75 -2.55) (end 3.75 2.15) (layer F.CrtYd) (width 0.05))
    (fp_line (start -3.75 -2.55) (end 3.75 -2.55) (layer F.CrtYd) (width 0.05))
    (fp_line (start 3.175 -1.91) (end 3.165 1.9) (layer F.Fab) (width 0.1))
    (fp_line (start -3.175 -1.91) (end 3.175 -1.91) (layer F.Fab) (width 0.1))
    (fp_line (start -3.165 1.9) (end -3.175 -1.91) (layer F.Fab) (width 0.1))
    (fp_line (start 3.165 1.9) (end 5 1.9) (layer F.Fab) (width 0.1))
    (fp_line (start -3.165 1.9) (end 3.165 1.9) (layer F.Fab) (width 0.1))
    (fp_line (start -5 1.9) (end -3.165 1.9) (layer F.Fab) (width 0.1))
    (fp_line (start -3.165 11.42) (end -3.165 1.9) (layer F.Fab) (width 0.1))
    (fp_line (start 3.165 11.42) (end -3.165 11.42) (layer F.Fab) (width 0.1))
    (fp_line (start 3.165 1.9) (end 3.165 11.42) (layer F.Fab) (width 0.1))
    (fp_text user PCB~EDGE (at 4.30403 1.70159 90) (layer F.Fab)
      (effects (font (size 0.48 0.48) (thickness 0.015)))
    )
    (pad 3_2 smd rect (at 2.825 -0.2 90) (size 1.75 4.2) (layers B.Cu B.Paste B.Mask)
      (net 6 GND))
    (pad 2_2 smd rect (at -2.825 -0.2 90) (size 1.75 4.2) (layers B.Cu B.Paste B.Mask)
      (net 6 GND))
    (pad 3_1 smd rect (at 2.825 -0.2 90) (size 1.75 4.2) (layers F.Cu F.Paste F.Mask)
      (net 6 GND))
    (pad 2_1 smd rect (at -2.825 -0.2 90) (size 1.75 4.2) (layers F.Cu F.Paste F.Mask)
      (net 6 GND))
    (pad 1 smd rect (at 0 0 90) (size 1.27 3.6) (layers F.Cu F.Paste F.Mask)
      (net 4 "Net-(CC2-Pad1)"))
  )

  (module Connector_BarrelJack:BarrelJack_Horizontal (layer F.Cu) (tedit 5A1DBF6A) (tstamp 60252250)
    (at 98.19386 51.86172 270)
    (descr "DC Barrel Jack")
    (tags "Power Jack")
    (path /6010B5E5)
    (fp_text reference J3 (at -8.45 5.75 90) (layer F.SilkS)
      (effects (font (size 1 1) (thickness 0.15)))
    )
    (fp_text value Barrel_Jack_MountingPin (at -6.2 -5.5 90) (layer F.Fab)
      (effects (font (size 1 1) (thickness 0.15)))
    )
    (fp_line (start 0 -4.5) (end -13.7 -4.5) (layer F.Fab) (width 0.1))
    (fp_line (start 0.8 4.5) (end 0.8 -3.75) (layer F.Fab) (width 0.1))
    (fp_line (start -13.7 4.5) (end 0.8 4.5) (layer F.Fab) (width 0.1))
    (fp_line (start -13.7 -4.5) (end -13.7 4.5) (layer F.Fab) (width 0.1))
    (fp_line (start -10.2 -4.5) (end -10.2 4.5) (layer F.Fab) (width 0.1))
    (fp_line (start 0.9 -4.6) (end 0.9 -2) (layer F.SilkS) (width 0.12))
    (fp_line (start -13.8 -4.6) (end 0.9 -4.6) (layer F.SilkS) (width 0.12))
    (fp_line (start 0.9 4.6) (end -1 4.6) (layer F.SilkS) (width 0.12))
    (fp_line (start 0.9 1.9) (end 0.9 4.6) (layer F.SilkS) (width 0.12))
    (fp_line (start -13.8 4.6) (end -13.8 -4.6) (layer F.SilkS) (width 0.12))
    (fp_line (start -5 4.6) (end -13.8 4.6) (layer F.SilkS) (width 0.12))
    (fp_line (start -14 4.75) (end -14 -4.75) (layer F.CrtYd) (width 0.05))
    (fp_line (start -5 4.75) (end -14 4.75) (layer F.CrtYd) (width 0.05))
    (fp_line (start -5 6.75) (end -5 4.75) (layer F.CrtYd) (width 0.05))
    (fp_line (start -1 6.75) (end -5 6.75) (layer F.CrtYd) (width 0.05))
    (fp_line (start -1 4.75) (end -1 6.75) (layer F.CrtYd) (width 0.05))
    (fp_line (start 1 4.75) (end -1 4.75) (layer F.CrtYd) (width 0.05))
    (fp_line (start 1 2) (end 1 4.75) (layer F.CrtYd) (width 0.05))
    (fp_line (start 2 2) (end 1 2) (layer F.CrtYd) (width 0.05))
    (fp_line (start 2 -2) (end 2 2) (layer F.CrtYd) (width 0.05))
    (fp_line (start 1 -2) (end 2 -2) (layer F.CrtYd) (width 0.05))
    (fp_line (start 1 -4.5) (end 1 -2) (layer F.CrtYd) (width 0.05))
    (fp_line (start 1 -4.75) (end -14 -4.75) (layer F.CrtYd) (width 0.05))
    (fp_line (start 1 -4.5) (end 1 -4.75) (layer F.CrtYd) (width 0.05))
    (fp_line (start 0.05 -4.8) (end 1.1 -4.8) (layer F.SilkS) (width 0.12))
    (fp_line (start 1.1 -3.75) (end 1.1 -4.8) (layer F.SilkS) (width 0.12))
    (fp_line (start -0.003213 -4.505425) (end 0.8 -3.75) (layer F.Fab) (width 0.1))
    (fp_text user %R (at -3 -2.95 90) (layer F.Fab)
      (effects (font (size 1 1) (thickness 0.15)))
    )
    (pad 3 thru_hole roundrect (at -3 4.7 270) (size 3.5 3.5) (drill oval 3 1) (layers *.Cu *.Mask) (roundrect_rratio 0.25))
    (pad 2 thru_hole roundrect (at -6 0 270) (size 3 3.5) (drill oval 1 3) (layers *.Cu *.Mask) (roundrect_rratio 0.25)
      (net 6 GND))
    (pad 1 thru_hole rect (at 0 0 270) (size 3.5 3.5) (drill oval 1 3) (layers *.Cu *.Mask)
      (net 5 VCC))
    (model ${KISYS3DMOD}/Connector_BarrelJack.3dshapes/BarrelJack_Horizontal.wrl
      (at (xyz 0 0 0))
      (scale (xyz 1 1 1))
      (rotate (xyz 0 0 0))
    )
  )

  (module Capacitor_Tantalum_SMD:CP_EIA-6032-28_Kemet-C (layer F.Cu) (tedit 5EBA9318) (tstamp 60120199)
    (at 100.7872 56.9468 180)
    (descr "Tantalum Capacitor SMD Kemet-C (6032-28 Metric), IPC_7351 nominal, (Body size from: http://www.kemet.com/Lists/ProductCatalog/Attachments/253/KEM_TC101_STD.pdf), generated with kicad-footprint-generator")
    (tags "capacitor tantalum")
    (path /6010D31A)
    (attr smd)
    (fp_text reference CC3 (at 0 -2.55) (layer F.SilkS)
      (effects (font (size 1 1) (thickness 0.15)))
    )
    (fp_text value 10u (at 0 2.55) (layer F.Fab)
      (effects (font (size 1 1) (thickness 0.15)))
    )
    (fp_line (start 3 -1.6) (end -2.2 -1.6) (layer F.Fab) (width 0.1))
    (fp_line (start -2.2 -1.6) (end -3 -0.8) (layer F.Fab) (width 0.1))
    (fp_line (start -3 -0.8) (end -3 1.6) (layer F.Fab) (width 0.1))
    (fp_line (start -3 1.6) (end 3 1.6) (layer F.Fab) (width 0.1))
    (fp_line (start 3 1.6) (end 3 -1.6) (layer F.Fab) (width 0.1))
    (fp_line (start 3 -1.71) (end -3.76 -1.71) (layer F.SilkS) (width 0.12))
    (fp_line (start -3.76 -1.71) (end -3.76 1.71) (layer F.SilkS) (width 0.12))
    (fp_line (start -3.76 1.71) (end 3 1.71) (layer F.SilkS) (width 0.12))
    (fp_line (start -3.75 1.85) (end -3.75 -1.85) (layer F.CrtYd) (width 0.05))
    (fp_line (start -3.75 -1.85) (end 3.75 -1.85) (layer F.CrtYd) (width 0.05))
    (fp_line (start 3.75 -1.85) (end 3.75 1.85) (layer F.CrtYd) (width 0.05))
    (fp_line (start 3.75 1.85) (end -3.75 1.85) (layer F.CrtYd) (width 0.05))
    (fp_text user %R (at 0 0) (layer F.Fab)
      (effects (font (size 1 1) (thickness 0.15)))
    )
    (pad 2 smd roundrect (at 2.4625 0 180) (size 2.075 2.35) (layers F.Cu F.Paste F.Mask) (roundrect_rratio 0.1204819277108434)
      (net 5 VCC))
    (pad 1 smd roundrect (at -2.4625 0 180) (size 2.075 2.35) (layers F.Cu F.Paste F.Mask) (roundrect_rratio 0.1204819277108434)
      (net 6 GND))
    (model ${KISYS3DMOD}/Capacitor_Tantalum_SMD.3dshapes/CP_EIA-6032-28_Kemet-C.wrl
      (at (xyz 0 0 0))
      (scale (xyz 1 1 1))
      (rotate (xyz 0 0 0))
    )
  )

  (module Capacitor_SMD:C_0805_2012Metric (layer F.Cu) (tedit 5F68FEEE) (tstamp 60077B69)
    (at 97.282 80.264 180)
    (descr "Capacitor SMD 0805 (2012 Metric), square (rectangular) end terminal, IPC_7351 nominal, (Body size source: IPC-SM-782 page 76, https://www.pcb-3d.com/wordpress/wp-content/uploads/ipc-sm-782a_amendment_1_and_2.pdf, https://docs.google.com/spreadsheets/d/1BsfQQcO9C6DZCsRaXUlFlo91Tg2WpOkGARC1WS5S8t0/edit?usp=sharing), generated with kicad-footprint-generator")
    (tags capacitor)
    (path /60083F0D)
    (attr smd)
    (fp_text reference CC1 (at 0 -1.68) (layer F.SilkS) hide
      (effects (font (size 1 1) (thickness 0.15)))
    )
    (fp_text value .47u (at 0 1.68) (layer F.Fab) hide
      (effects (font (size 1 1) (thickness 0.15)))
    )
    (fp_line (start -1 0.625) (end -1 -0.625) (layer F.Fab) (width 0.1))
    (fp_line (start -1 -0.625) (end 1 -0.625) (layer F.Fab) (width 0.1))
    (fp_line (start 1 -0.625) (end 1 0.625) (layer F.Fab) (width 0.1))
    (fp_line (start 1 0.625) (end -1 0.625) (layer F.Fab) (width 0.1))
    (fp_line (start -0.261252 -0.735) (end 0.261252 -0.735) (layer F.SilkS) (width 0.12))
    (fp_line (start -0.261252 0.735) (end 0.261252 0.735) (layer F.SilkS) (width 0.12))
    (fp_line (start -1.7 0.98) (end -1.7 -0.98) (layer F.CrtYd) (width 0.05))
    (fp_line (start -1.7 -0.98) (end 1.7 -0.98) (layer F.CrtYd) (width 0.05))
    (fp_line (start 1.7 -0.98) (end 1.7 0.98) (layer F.CrtYd) (width 0.05))
    (fp_line (start 1.7 0.98) (end -1.7 0.98) (layer F.CrtYd) (width 0.05))
    (fp_text user %R (at 0 0) (layer F.Fab)
      (effects (font (size 0.5 0.5) (thickness 0.08)))
    )
    (pad 1 smd roundrect (at -0.95 0 180) (size 1 1.45) (layers F.Cu F.Paste F.Mask) (roundrect_rratio 0.25)
      (net 1 "Net-(CC1-Pad1)"))
    (pad 2 smd roundrect (at 0.95 0 180) (size 1 1.45) (layers F.Cu F.Paste F.Mask) (roundrect_rratio 0.25)
      (net 2 "Net-(CC1-Pad2)"))
    (model ${KISYS3DMOD}/Capacitor_SMD.3dshapes/C_0805_2012Metric.wrl
      (at (xyz 0 0 0))
      (scale (xyz 1 1 1))
      (rotate (xyz 0 0 0))
    )
  )

  (module Capacitor_SMD:C_0805_2012Metric (layer F.Cu) (tedit 5F68FEEE) (tstamp 60077B7A)
    (at 109.855 80.264 180)
    (descr "Capacitor SMD 0805 (2012 Metric), square (rectangular) end terminal, IPC_7351 nominal, (Body size source: IPC-SM-782 page 76, https://www.pcb-3d.com/wordpress/wp-content/uploads/ipc-sm-782a_amendment_1_and_2.pdf, https://docs.google.com/spreadsheets/d/1BsfQQcO9C6DZCsRaXUlFlo91Tg2WpOkGARC1WS5S8t0/edit?usp=sharing), generated with kicad-footprint-generator")
    (tags capacitor)
    (path /60084D5C)
    (attr smd)
    (fp_text reference CC2 (at 0 -1.68) (layer F.SilkS) hide
      (effects (font (size 1 1) (thickness 0.15)))
    )
    (fp_text value .47u (at 0 1.68) (layer F.Fab) hide
      (effects (font (size 1 1) (thickness 0.15)))
    )
    (fp_line (start 1.7 0.98) (end -1.7 0.98) (layer F.CrtYd) (width 0.05))
    (fp_line (start 1.7 -0.98) (end 1.7 0.98) (layer F.CrtYd) (width 0.05))
    (fp_line (start -1.7 -0.98) (end 1.7 -0.98) (layer F.CrtYd) (width 0.05))
    (fp_line (start -1.7 0.98) (end -1.7 -0.98) (layer F.CrtYd) (width 0.05))
    (fp_line (start -0.261252 0.735) (end 0.261252 0.735) (layer F.SilkS) (width 0.12))
    (fp_line (start -0.261252 -0.735) (end 0.261252 -0.735) (layer F.SilkS) (width 0.12))
    (fp_line (start 1 0.625) (end -1 0.625) (layer F.Fab) (width 0.1))
    (fp_line (start 1 -0.625) (end 1 0.625) (layer F.Fab) (width 0.1))
    (fp_line (start -1 -0.625) (end 1 -0.625) (layer F.Fab) (width 0.1))
    (fp_line (start -1 0.625) (end -1 -0.625) (layer F.Fab) (width 0.1))
    (fp_text user %R (at 0 0) (layer F.Fab)
      (effects (font (size 0.5 0.5) (thickness 0.08)))
    )
    (pad 2 smd roundrect (at 0.95 0 180) (size 1 1.45) (layers F.Cu F.Paste F.Mask) (roundrect_rratio 0.25)
      (net 3 "Net-(CC2-Pad2)"))
    (pad 1 smd roundrect (at -0.95 0 180) (size 1 1.45) (layers F.Cu F.Paste F.Mask) (roundrect_rratio 0.25)
      (net 4 "Net-(CC2-Pad1)"))
    (model ${KISYS3DMOD}/Capacitor_SMD.3dshapes/C_0805_2012Metric.wrl
      (at (xyz 0 0 0))
      (scale (xyz 1 1 1))
      (rotate (xyz 0 0 0))
    )
  )

  (module Capacitor_SMD:C_0805_2012Metric (layer F.Cu) (tedit 5F68FEEE) (tstamp 60077B8B)
    (at 100.965 75.692)
    (descr "Capacitor SMD 0805 (2012 Metric), square (rectangular) end terminal, IPC_7351 nominal, (Body size source: IPC-SM-782 page 76, https://www.pcb-3d.com/wordpress/wp-content/uploads/ipc-sm-782a_amendment_1_and_2.pdf, https://docs.google.com/spreadsheets/d/1BsfQQcO9C6DZCsRaXUlFlo91Tg2WpOkGARC1WS5S8t0/edit?usp=sharing), generated with kicad-footprint-generator")
    (tags capacitor)
    (path /6008A6A5)
    (attr smd)
    (fp_text reference CDC1 (at 0 -1.68) (layer F.SilkS) hide
      (effects (font (size 1 1) (thickness 0.15)))
    )
    (fp_text value .1u (at 0 1.68) (layer F.Fab) hide
      (effects (font (size 1 1) (thickness 0.15)))
    )
    (fp_line (start -1 0.625) (end -1 -0.625) (layer F.Fab) (width 0.1))
    (fp_line (start -1 -0.625) (end 1 -0.625) (layer F.Fab) (width 0.1))
    (fp_line (start 1 -0.625) (end 1 0.625) (layer F.Fab) (width 0.1))
    (fp_line (start 1 0.625) (end -1 0.625) (layer F.Fab) (width 0.1))
    (fp_line (start -0.261252 -0.735) (end 0.261252 -0.735) (layer F.SilkS) (width 0.12))
    (fp_line (start -0.261252 0.735) (end 0.261252 0.735) (layer F.SilkS) (width 0.12))
    (fp_line (start -1.7 0.98) (end -1.7 -0.98) (layer F.CrtYd) (width 0.05))
    (fp_line (start -1.7 -0.98) (end 1.7 -0.98) (layer F.CrtYd) (width 0.05))
    (fp_line (start 1.7 -0.98) (end 1.7 0.98) (layer F.CrtYd) (width 0.05))
    (fp_line (start 1.7 0.98) (end -1.7 0.98) (layer F.CrtYd) (width 0.05))
    (fp_text user %R (at 0 0) (layer F.Fab)
      (effects (font (size 0.5 0.5) (thickness 0.08)))
    )
    (pad 1 smd roundrect (at -0.95 0) (size 1 1.45) (layers F.Cu F.Paste F.Mask) (roundrect_rratio 0.25)
      (net 11 "Net-(CDC1-Pad1)"))
    (pad 2 smd roundrect (at 0.95 0) (size 1 1.45) (layers F.Cu F.Paste F.Mask) (roundrect_rratio 0.25)
      (net 6 GND))
    (model ${KISYS3DMOD}/Capacitor_SMD.3dshapes/C_0805_2012Metric.wrl
      (at (xyz 0 0 0))
      (scale (xyz 1 1 1))
      (rotate (xyz 0 0 0))
    )
  )

  (module Capacitor_SMD:C_0805_2012Metric (layer F.Cu) (tedit 5F68FEEE) (tstamp 60077B9C)
    (at 105.156 75.565 180)
    (descr "Capacitor SMD 0805 (2012 Metric), square (rectangular) end terminal, IPC_7351 nominal, (Body size source: IPC-SM-782 page 76, https://www.pcb-3d.com/wordpress/wp-content/uploads/ipc-sm-782a_amendment_1_and_2.pdf, https://docs.google.com/spreadsheets/d/1BsfQQcO9C6DZCsRaXUlFlo91Tg2WpOkGARC1WS5S8t0/edit?usp=sharing), generated with kicad-footprint-generator")
    (tags capacitor)
    (path /6008A37F)
    (attr smd)
    (fp_text reference CRF1 (at 0 -1.68) (layer F.SilkS) hide
      (effects (font (size 1 1) (thickness 0.15)))
    )
    (fp_text value 20p (at 0 1.68) (layer F.Fab) hide
      (effects (font (size 1 1) (thickness 0.15)))
    )
    (fp_line (start 1.7 0.98) (end -1.7 0.98) (layer F.CrtYd) (width 0.05))
    (fp_line (start 1.7 -0.98) (end 1.7 0.98) (layer F.CrtYd) (width 0.05))
    (fp_line (start -1.7 -0.98) (end 1.7 -0.98) (layer F.CrtYd) (width 0.05))
    (fp_line (start -1.7 0.98) (end -1.7 -0.98) (layer F.CrtYd) (width 0.05))
    (fp_line (start -0.261252 0.735) (end 0.261252 0.735) (layer F.SilkS) (width 0.12))
    (fp_line (start -0.261252 -0.735) (end 0.261252 -0.735) (layer F.SilkS) (width 0.12))
    (fp_line (start 1 0.625) (end -1 0.625) (layer F.Fab) (width 0.1))
    (fp_line (start 1 -0.625) (end 1 0.625) (layer F.Fab) (width 0.1))
    (fp_line (start -1 -0.625) (end 1 -0.625) (layer F.Fab) (width 0.1))
    (fp_line (start -1 0.625) (end -1 -0.625) (layer F.Fab) (width 0.1))
    (fp_text user %R (at 0 0) (layer F.Fab)
      (effects (font (size 0.5 0.5) (thickness 0.08)))
    )
    (pad 2 smd roundrect (at 0.95 0 180) (size 1 1.45) (layers F.Cu F.Paste F.Mask) (roundrect_rratio 0.25)
      (net 6 GND))
    (pad 1 smd roundrect (at -0.95 0 180) (size 1 1.45) (layers F.Cu F.Paste F.Mask) (roundrect_rratio 0.25)
      (net 11 "Net-(CDC1-Pad1)"))
    (model ${KISYS3DMOD}/Capacitor_SMD.3dshapes/C_0805_2012Metric.wrl
      (at (xyz 0 0 0))
      (scale (xyz 1 1 1))
      (rotate (xyz 0 0 0))
    )
  )

  (module Capacitor_SMD:C_0805_2012Metric (layer F.Cu) (tedit 5F68FEEE) (tstamp 60077BAD)
    (at 105.222 73.025 180)
    (descr "Capacitor SMD 0805 (2012 Metric), square (rectangular) end terminal, IPC_7351 nominal, (Body size source: IPC-SM-782 page 76, https://www.pcb-3d.com/wordpress/wp-content/uploads/ipc-sm-782a_amendment_1_and_2.pdf, https://docs.google.com/spreadsheets/d/1BsfQQcO9C6DZCsRaXUlFlo91Tg2WpOkGARC1WS5S8t0/edit?usp=sharing), generated with kicad-footprint-generator")
    (tags capacitor)
    (path /600895D3)
    (attr smd)
    (fp_text reference CRF2 (at 0 -1.68) (layer F.SilkS) hide
      (effects (font (size 1 1) (thickness 0.15)))
    )
    (fp_text value 20p (at 0 1.68) (layer F.Fab) hide
      (effects (font (size 1 1) (thickness 0.15)))
    )
    (fp_line (start -1 0.625) (end -1 -0.625) (layer F.Fab) (width 0.1))
    (fp_line (start -1 -0.625) (end 1 -0.625) (layer F.Fab) (width 0.1))
    (fp_line (start 1 -0.625) (end 1 0.625) (layer F.Fab) (width 0.1))
    (fp_line (start 1 0.625) (end -1 0.625) (layer F.Fab) (width 0.1))
    (fp_line (start -0.261252 -0.735) (end 0.261252 -0.735) (layer F.SilkS) (width 0.12))
    (fp_line (start -0.261252 0.735) (end 0.261252 0.735) (layer F.SilkS) (width 0.12))
    (fp_line (start -1.7 0.98) (end -1.7 -0.98) (layer F.CrtYd) (width 0.05))
    (fp_line (start -1.7 -0.98) (end 1.7 -0.98) (layer F.CrtYd) (width 0.05))
    (fp_line (start 1.7 -0.98) (end 1.7 0.98) (layer F.CrtYd) (width 0.05))
    (fp_line (start 1.7 0.98) (end -1.7 0.98) (layer F.CrtYd) (width 0.05))
    (fp_text user %R (at 0 0) (layer F.Fab)
      (effects (font (size 0.5 0.5) (thickness 0.08)))
    )
    (pad 1 smd roundrect (at -0.95 0 180) (size 1 1.45) (layers F.Cu F.Paste F.Mask) (roundrect_rratio 0.25)
      (net 11 "Net-(CDC1-Pad1)"))
    (pad 2 smd roundrect (at 0.95 0 180) (size 1 1.45) (layers F.Cu F.Paste F.Mask) (roundrect_rratio 0.25)
      (net 6 GND))
    (model ${KISYS3DMOD}/Capacitor_SMD.3dshapes/C_0805_2012Metric.wrl
      (at (xyz 0 0 0))
      (scale (xyz 1 1 1))
      (rotate (xyz 0 0 0))
    )
  )

  (module Inductor_SMD:L_0805_2012Metric (layer F.Cu) (tedit 5F68FEF0) (tstamp 60077C04)
    (at 106.172 79.2015 270)
    (descr "Inductor SMD 0805 (2012 Metric), square (rectangular) end terminal, IPC_7351 nominal, (Body size source: IPC-SM-782 page 80, https://www.pcb-3d.com/wordpress/wp-content/uploads/ipc-sm-782a_amendment_1_and_2.pdf), generated with kicad-footprint-generator")
    (tags inductor)
    (path /6009DD00)
    (attr smd)
    (fp_text reference LRF1 (at 0 -1.55 90) (layer F.SilkS) hide
      (effects (font (size 1 1) (thickness 0.15)))
    )
    (fp_text value 100n (at 0 1.55 90) (layer F.Fab) hide
      (effects (font (size 1 1) (thickness 0.15)))
    )
    (fp_line (start -1 0.45) (end -1 -0.45) (layer F.Fab) (width 0.1))
    (fp_line (start -1 -0.45) (end 1 -0.45) (layer F.Fab) (width 0.1))
    (fp_line (start 1 -0.45) (end 1 0.45) (layer F.Fab) (width 0.1))
    (fp_line (start 1 0.45) (end -1 0.45) (layer F.Fab) (width 0.1))
    (fp_line (start -0.399622 -0.56) (end 0.399622 -0.56) (layer F.SilkS) (width 0.12))
    (fp_line (start -0.399622 0.56) (end 0.399622 0.56) (layer F.SilkS) (width 0.12))
    (fp_line (start -1.75 0.85) (end -1.75 -0.85) (layer F.CrtYd) (width 0.05))
    (fp_line (start -1.75 -0.85) (end 1.75 -0.85) (layer F.CrtYd) (width 0.05))
    (fp_line (start 1.75 -0.85) (end 1.75 0.85) (layer F.CrtYd) (width 0.05))
    (fp_line (start 1.75 0.85) (end -1.75 0.85) (layer F.CrtYd) (width 0.05))
    (fp_text user %R (at 0 0 90) (layer F.Fab)
      (effects (font (size 0.5 0.5) (thickness 0.08)))
    )
    (pad 1 smd roundrect (at -1.0625 0 270) (size 0.875 1.2) (layers F.Cu F.Paste F.Mask) (roundrect_rratio 0.25)
      (net 11 "Net-(CDC1-Pad1)"))
    (pad 2 smd roundrect (at 1.0625 0 270) (size 0.875 1.2) (layers F.Cu F.Paste F.Mask) (roundrect_rratio 0.25)
      (net 3 "Net-(CC2-Pad2)"))
    (model ${KISYS3DMOD}/Inductor_SMD.3dshapes/L_0805_2012Metric.wrl
      (at (xyz 0 0 0))
      (scale (xyz 1 1 1))
      (rotate (xyz 0 0 0))
    )
  )

  (module Package_SON:WSON-8-1EP_2x2mm_P0.5mm_EP0.9x1.6mm (layer F.Cu) (tedit 5A65F6A7) (tstamp 6009382C)
    (at 102.1842 80.518)
    (descr "8-Lead Plastic WSON, 2x2mm Body, 0.5mm Pitch, WSON-8, http://www.ti.com/lit/ds/symlink/lm27761.pdf")
    (tags "WSON 8 1EP")
    (path /60076AFE)
    (attr smd)
    (fp_text reference U1 (at 0.38 -1.9) (layer F.SilkS)
      (effects (font (size 1 1) (thickness 0.15)))
    )
    (fp_text value TRF37A73 (at 0.01 2.14) (layer F.Fab)
      (effects (font (size 1 1) (thickness 0.15)))
    )
    (fp_line (start -0.5 -1) (end -1 -0.5) (layer F.Fab) (width 0.1))
    (fp_line (start -1 1) (end -1 -0.5) (layer F.Fab) (width 0.1))
    (fp_line (start 1 1) (end -1 1) (layer F.Fab) (width 0.1))
    (fp_line (start 1 -1) (end 1 1) (layer F.Fab) (width 0.1))
    (fp_line (start -0.5 -1) (end 1 -1) (layer F.Fab) (width 0.1))
    (fp_line (start -1.6 -1.25) (end -1.6 1.25) (layer F.CrtYd) (width 0.05))
    (fp_line (start 1.6 -1.25) (end 1.6 1.25) (layer F.CrtYd) (width 0.05))
    (fp_line (start -1.6 -1.25) (end 1.6 -1.25) (layer F.CrtYd) (width 0.05))
    (fp_line (start -1.6 1.25) (end 1.6 1.25) (layer F.CrtYd) (width 0.05))
    (fp_line (start 0.5 1.12) (end -0.5 1.12) (layer F.SilkS) (width 0.12))
    (fp_line (start -1.5 -1.12) (end 0.5 -1.12) (layer F.SilkS) (width 0.12))
    (fp_text user %R (at 0 0) (layer F.Fab)
      (effects (font (size 0.7 0.7) (thickness 0.1)))
    )
    (pad 3 smd rect (at -0.95 0.25) (size 0.5 0.25) (layers F.Cu F.Paste F.Mask)
      (net 7 "Net-(U1-Pad3)"))
    (pad 7 smd rect (at 0.95 -0.25) (size 0.5 0.25) (layers F.Cu F.Paste F.Mask)
      (net 3 "Net-(CC2-Pad2)"))
    (pad 8 smd rect (at 0.95 -0.75) (size 0.5 0.25) (layers F.Cu F.Paste F.Mask)
      (net 8 "Net-(U1-Pad8)"))
    (pad 9 smd rect (at 0 0) (size 0.9 1.6) (layers F.Cu F.Mask)
      (net 6 GND))
    (pad 1 smd rect (at -0.95 -0.75) (size 0.5 0.25) (layers F.Cu F.Paste F.Mask)
      (net 11 "Net-(CDC1-Pad1)"))
    (pad 2 smd rect (at -0.95 -0.25) (size 0.5 0.25) (layers F.Cu F.Paste F.Mask)
      (net 1 "Net-(CC1-Pad1)"))
    (pad 4 smd rect (at -0.95 0.75) (size 0.5 0.25) (layers F.Cu F.Paste F.Mask)
      (net 9 "Net-(U1-Pad4)"))
    (pad 5 smd rect (at 0.95 0.75) (size 0.5 0.25) (layers F.Cu F.Paste F.Mask)
      (net 6 GND))
    (pad 6 smd rect (at 0.95 0.25) (size 0.5 0.25) (layers F.Cu F.Paste F.Mask)
      (net 10 "Net-(U1-Pad6)"))
    (pad "" smd rect (at 0 0.4) (size 0.75 0.65) (layers F.Paste))
    (pad "" smd rect (at 0 -0.4) (size 0.75 0.65) (layers F.Paste))
    (model ${KISYS3DMOD}/Package_SON.3dshapes/WSON-8-1EP_2x2mm_P0.5mm_EP0.9x1.6mm.wrl
      (at (xyz 0 0 0))
      (scale (xyz 1 1 1))
      (rotate (xyz 0 0 0))
    )
  )

  (module Capacitor_SMD:C_0805_2012Metric (layer F.Cu) (tedit 5F68FEEE) (tstamp 6010B8E0)
    (at 99.1235 60.706 180)
    (descr "Capacitor SMD 0805 (2012 Metric), square (rectangular) end terminal, IPC_7351 nominal, (Body size source: IPC-SM-782 page 76, https://www.pcb-3d.com/wordpress/wp-content/uploads/ipc-sm-782a_amendment_1_and_2.pdf, https://docs.google.com/spreadsheets/d/1BsfQQcO9C6DZCsRaXUlFlo91Tg2WpOkGARC1WS5S8t0/edit?usp=sharing), generated with kicad-footprint-generator")
    (tags capacitor)
    (path /60121EE9)
    (attr smd)
    (fp_text reference Cin1 (at 0 -1.68) (layer F.SilkS)
      (effects (font (size 1 1) (thickness 0.15)))
    )
    (fp_text value 1u (at 0 1.68) (layer F.Fab)
      (effects (font (size 1 1) (thickness 0.15)))
    )
    (fp_line (start 1.7 0.98) (end -1.7 0.98) (layer F.CrtYd) (width 0.05))
    (fp_line (start 1.7 -0.98) (end 1.7 0.98) (layer F.CrtYd) (width 0.05))
    (fp_line (start -1.7 -0.98) (end 1.7 -0.98) (layer F.CrtYd) (width 0.05))
    (fp_line (start -1.7 0.98) (end -1.7 -0.98) (layer F.CrtYd) (width 0.05))
    (fp_line (start -0.261252 0.735) (end 0.261252 0.735) (layer F.SilkS) (width 0.12))
    (fp_line (start -0.261252 -0.735) (end 0.261252 -0.735) (layer F.SilkS) (width 0.12))
    (fp_line (start 1 0.625) (end -1 0.625) (layer F.Fab) (width 0.1))
    (fp_line (start 1 -0.625) (end 1 0.625) (layer F.Fab) (width 0.1))
    (fp_line (start -1 -0.625) (end 1 -0.625) (layer F.Fab) (width 0.1))
    (fp_line (start -1 0.625) (end -1 -0.625) (layer F.Fab) (width 0.1))
    (fp_text user %R (at 0 0) (layer F.Fab)
      (effects (font (size 0.5 0.5) (thickness 0.08)))
    )
    (pad 2 smd roundrect (at 0.95 0 180) (size 1 1.45) (layers F.Cu F.Paste F.Mask) (roundrect_rratio 0.25)
      (net 5 VCC))
    (pad 1 smd roundrect (at -0.95 0 180) (size 1 1.45) (layers F.Cu F.Paste F.Mask) (roundrect_rratio 0.25)
      (net 6 GND))
    (model ${KISYS3DMOD}/Capacitor_SMD.3dshapes/C_0805_2012Metric.wrl
      (at (xyz 0 0 0))
      (scale (xyz 1 1 1))
      (rotate (xyz 0 0 0))
    )
  )

  (module Capacitor_SMD:C_0805_2012Metric (layer F.Cu) (tedit 5F68FEEE) (tstamp 6010B8F1)
    (at 100.965 68.961 180)
    (descr "Capacitor SMD 0805 (2012 Metric), square (rectangular) end terminal, IPC_7351 nominal, (Body size source: IPC-SM-782 page 76, https://www.pcb-3d.com/wordpress/wp-content/uploads/ipc-sm-782a_amendment_1_and_2.pdf, https://docs.google.com/spreadsheets/d/1BsfQQcO9C6DZCsRaXUlFlo91Tg2WpOkGARC1WS5S8t0/edit?usp=sharing), generated with kicad-footprint-generator")
    (tags capacitor)
    (path /6011F8A9)
    (attr smd)
    (fp_text reference Co1 (at 0 -1.68) (layer F.SilkS)
      (effects (font (size 1 1) (thickness 0.15)))
    )
    (fp_text value 1u (at 0 1.68) (layer F.Fab)
      (effects (font (size 1 1) (thickness 0.15)))
    )
    (fp_line (start -1 0.625) (end -1 -0.625) (layer F.Fab) (width 0.1))
    (fp_line (start -1 -0.625) (end 1 -0.625) (layer F.Fab) (width 0.1))
    (fp_line (start 1 -0.625) (end 1 0.625) (layer F.Fab) (width 0.1))
    (fp_line (start 1 0.625) (end -1 0.625) (layer F.Fab) (width 0.1))
    (fp_line (start -0.261252 -0.735) (end 0.261252 -0.735) (layer F.SilkS) (width 0.12))
    (fp_line (start -0.261252 0.735) (end 0.261252 0.735) (layer F.SilkS) (width 0.12))
    (fp_line (start -1.7 0.98) (end -1.7 -0.98) (layer F.CrtYd) (width 0.05))
    (fp_line (start -1.7 -0.98) (end 1.7 -0.98) (layer F.CrtYd) (width 0.05))
    (fp_line (start 1.7 -0.98) (end 1.7 0.98) (layer F.CrtYd) (width 0.05))
    (fp_line (start 1.7 0.98) (end -1.7 0.98) (layer F.CrtYd) (width 0.05))
    (fp_text user %R (at 0 0) (layer F.Fab)
      (effects (font (size 0.5 0.5) (thickness 0.08)))
    )
    (pad 1 smd roundrect (at -0.95 0 180) (size 1 1.45) (layers F.Cu F.Paste F.Mask) (roundrect_rratio 0.25)
      (net 6 GND))
    (pad 2 smd roundrect (at 0.95 0 180) (size 1 1.45) (layers F.Cu F.Paste F.Mask) (roundrect_rratio 0.25)
      (net 11 "Net-(CDC1-Pad1)"))
    (model ${KISYS3DMOD}/Capacitor_SMD.3dshapes/C_0805_2012Metric.wrl
      (at (xyz 0 0 0))
      (scale (xyz 1 1 1))
      (rotate (xyz 0 0 0))
    )
  )

  (module Package_TO_SOT_SMD:SOT-23-5 (layer F.Cu) (tedit 5A02FF57) (tstamp 6010B93A)
    (at 99.06 64.77 270)
    (descr "5-pin SOT23 package")
    (tags SOT-23-5)
    (path /601160D3)
    (attr smd)
    (fp_text reference U2 (at 0 -2.9 90) (layer F.SilkS)
      (effects (font (size 1 1) (thickness 0.15)))
    )
    (fp_text value TPS7A0533PDBV (at 0 2.9 90) (layer F.Fab)
      (effects (font (size 1 1) (thickness 0.15)))
    )
    (fp_line (start -0.9 1.61) (end 0.9 1.61) (layer F.SilkS) (width 0.12))
    (fp_line (start 0.9 -1.61) (end -1.55 -1.61) (layer F.SilkS) (width 0.12))
    (fp_line (start -1.9 -1.8) (end 1.9 -1.8) (layer F.CrtYd) (width 0.05))
    (fp_line (start 1.9 -1.8) (end 1.9 1.8) (layer F.CrtYd) (width 0.05))
    (fp_line (start 1.9 1.8) (end -1.9 1.8) (layer F.CrtYd) (width 0.05))
    (fp_line (start -1.9 1.8) (end -1.9 -1.8) (layer F.CrtYd) (width 0.05))
    (fp_line (start -0.9 -0.9) (end -0.25 -1.55) (layer F.Fab) (width 0.1))
    (fp_line (start 0.9 -1.55) (end -0.25 -1.55) (layer F.Fab) (width 0.1))
    (fp_line (start -0.9 -0.9) (end -0.9 1.55) (layer F.Fab) (width 0.1))
    (fp_line (start 0.9 1.55) (end -0.9 1.55) (layer F.Fab) (width 0.1))
    (fp_line (start 0.9 -1.55) (end 0.9 1.55) (layer F.Fab) (width 0.1))
    (fp_text user %R (at 0.868999 0.714999) (layer F.Fab)
      (effects (font (size 0.5 0.5) (thickness 0.075)))
    )
    (pad 1 smd rect (at -1.1 -0.95 270) (size 1.06 0.65) (layers F.Cu F.Paste F.Mask)
      (net 5 VCC))
    (pad 2 smd rect (at -1.1 0 270) (size 1.06 0.65) (layers F.Cu F.Paste F.Mask)
      (net 6 GND))
    (pad 3 smd rect (at -1.1 0.95 270) (size 1.06 0.65) (layers F.Cu F.Paste F.Mask)
      (net 5 VCC))
    (pad 4 smd rect (at 1.1 0.95 270) (size 1.06 0.65) (layers F.Cu F.Paste F.Mask)
      (net 12 "Net-(U2-Pad4)"))
    (pad 5 smd rect (at 1.1 -0.95 270) (size 1.06 0.65) (layers F.Cu F.Paste F.Mask)
      (net 11 "Net-(CDC1-Pad1)"))
    (model ${KISYS3DMOD}/Package_TO_SOT_SMD.3dshapes/SOT-23-5.wrl
      (at (xyz 0 0 0))
      (scale (xyz 1 1 1))
      (rotate (xyz 0 0 0))
    )
  )

  (gr_text "GTRF \nGain Block \nRev 1.0" (at 108.839 61.468) (layer F.SilkS)
    (effects (font (size 1 1) (thickness 0.15)))
  )
  (gr_line (start 116.368958 42.164) (end 90.424 42.164) (layer Edge.Cuts) (width 0.05) (tstamp 60077F67))
  (gr_line (start 117.475 89.281) (end 117.003958 42.799) (layer Edge.Cuts) (width 0.05) (tstamp 60077F66))
  (gr_line (start 90.8685 90.043) (end 116.876958 89.916) (layer Edge.Cuts) (width 0.05) (tstamp 60077F65))
  (gr_line (start 89.789 42.799) (end 90.2335 89.408) (layer Edge.Cuts) (width 0.05) (tstamp 60077F64))
  (gr_arc (start 90.424 42.799) (end 90.424 42.164) (angle -90) (layer Edge.Cuts) (width 0.05))
  (gr_arc (start 90.8685 89.408) (end 90.2335 89.408) (angle -90) (layer Edge.Cuts) (width 0.05))
  (gr_arc (start 116.838858 89.281) (end 116.876958 89.916) (angle -86.56636964) (layer Edge.Cuts) (width 0.05))
  (gr_arc (start 116.368958 42.799) (end 117.003958 42.799) (angle -90) (layer Edge.Cuts) (width 0.05))

  (segment (start 99.06 80.264) (end 101.346 80.264) (width 0.25) (layer F.Cu) (net 1))
  (segment (start 99.06 80.264) (end 98.298 80.264) (width 1) (layer F.Cu) (net 1))
  (segment (start 96.332 80.264) (end 90.932 80.264) (width 1) (layer F.Cu) (net 2))
  (segment (start 103.124 80.264) (end 105.624 80.264) (width 0.25) (layer F.Cu) (net 3))
  (segment (start 105.624 80.264) (end 105.64 80.28) (width 0.25) (layer F.Cu) (net 3))
  (segment (start 107.95 80.264) (end 108.966 80.264) (width 0.5) (layer F.Cu) (net 3))
  (segment (start 106.172 80.264) (end 107.95 80.264) (width 0.5) (layer F.Cu) (net 3))
  (segment (start 107.95 80.264) (end 108.204 80.264) (width 0.25) (layer F.Cu) (net 3))
  (segment (start 110.805 80.264) (end 115.824 80.264) (width 1) (layer F.Cu) (net 4))
  (segment (start 98.172 52.276) (end 98.172 63.626) (width 0.5) (layer F.Cu) (net 5))
  (segment (start 98.172 63.626) (end 98.044 63.754) (width 0.25) (layer F.Cu) (net 5))
  (segment (start 98.11 64.45) (end 98.43 64.77) (width 0.25) (layer F.Cu) (net 5))
  (segment (start 98.11 63.67) (end 98.11 64.45) (width 0.25) (layer F.Cu) (net 5))
  (segment (start 98.43 64.77) (end 99.568 64.77) (width 0.25) (layer F.Cu) (net 5))
  (segment (start 99.568 64.77) (end 100.076 64.262) (width 0.25) (layer F.Cu) (net 5))
  (segment (start 100.076 64.262) (end 100.076 63.5) (width 0.25) (layer F.Cu) (net 5))
  (segment (start 102.174 80.514) (end 102.174 80.774002) (width 0.25) (layer F.Cu) (net 6))
  (segment (start 102.174 81.014) (end 102.44 81.28) (width 0.25) (layer F.Cu) (net 6))
  (segment (start 102.44 81.28) (end 103.124 81.28) (width 0.25) (layer F.Cu) (net 6))
  (segment (start 103.124 81.264) (end 103.124 81.28) (width 0.25) (layer F.Cu) (net 6))
  (via (at 101.6 78.486) (size 0.8) (drill 0.4) (layers F.Cu B.Cu) (net 6))
  (via (at 102.87 78.486) (size 0.8) (drill 0.4) (layers F.Cu B.Cu) (net 6))
  (via (at 104.14 78.486) (size 0.8) (drill 0.4) (layers F.Cu B.Cu) (net 6))
  (via (at 102.108 77.47) (size 0.8) (drill 0.4) (layers F.Cu B.Cu) (net 6))
  (via (at 102.616 74.041) (size 0.8) (drill 0.4) (layers F.Cu B.Cu) (net 6))
  (segment (start 99.06 63.67) (end 99.06 62.738) (width 0.25) (layer F.Cu) (net 6))
  (segment (start 99.06 62.484) (end 99.314 62.23) (width 0.5) (layer F.Cu) (net 6))
  (segment (start 99.06 62.738) (end 99.06 62.484) (width 0.5) (layer F.Cu) (net 6))
  (via (at 91.85655 60.1785) (size 0.8) (drill 0.4) (layers F.Cu B.Cu) (net 6) (tstamp 21))
  (via (at 91.85655 64.1785) (size 0.8) (drill 0.4) (layers F.Cu B.Cu) (net 6) (tstamp 21))
  (via (at 91.85655 68.1785) (size 0.8) (drill 0.4) (layers F.Cu B.Cu) (net 6) (tstamp 21))
  (via (at 91.85655 72.1785) (size 0.8) (drill 0.4) (layers F.Cu B.Cu) (net 6) (tstamp 21))
  (via (at 92.85655 86.1785) (size 0.8) (drill 0.4) (layers F.Cu B.Cu) (net 6) (tstamp 21))
  (via (at 93.85655 58.1785) (size 0.8) (drill 0.4) (layers F.Cu B.Cu) (net 6) (tstamp 21))
  (via (at 93.85655 62.1785) (size 0.8) (drill 0.4) (layers F.Cu B.Cu) (net 6) (tstamp 21))
  (via (at 93.85655 66.1785) (size 0.8) (drill 0.4) (layers F.Cu B.Cu) (net 6) (tstamp 21))
  (via (at 93.85655 70.1785) (size 0.8) (drill 0.4) (layers F.Cu B.Cu) (net 6) (tstamp 21))
  (via (at 93.85655 74.1785) (size 0.8) (drill 0.4) (layers F.Cu B.Cu) (net 6) (tstamp 21))
  (via (at 94.85655 88.1785) (size 0.8) (drill 0.4) (layers F.Cu B.Cu) (net 6) (tstamp 21))
  (via (at 95.85655 60.1785) (size 0.8) (drill 0.4) (layers F.Cu B.Cu) (net 6) (tstamp 21))
  (via (at 95.85655 64.1785) (size 0.8) (drill 0.4) (layers F.Cu B.Cu) (net 6) (tstamp 21))
  (via (at 95.85655 68.1785) (size 0.8) (drill 0.4) (layers F.Cu B.Cu) (net 6) (tstamp 21))
  (via (at 95.85655 72.1785) (size 0.8) (drill 0.4) (layers F.Cu B.Cu) (net 6) (tstamp 21))
  (via (at 95.85655 76.1785) (size 0.8) (drill 0.4) (layers F.Cu B.Cu) (net 6) (tstamp 21))
  (via (at 95.85655 82.1785) (size 0.8) (drill 0.4) (layers F.Cu B.Cu) (net 6) (tstamp 21))
  (via (at 96.85655 85.1785) (size 0.8) (drill 0.4) (layers F.Cu B.Cu) (net 6) (tstamp 21))
  (via (at 97.85655 70.1785) (size 0.8) (drill 0.4) (layers F.Cu B.Cu) (net 6) (tstamp 21))
  (via (at 97.85655 74.1785) (size 0.8) (drill 0.4) (layers F.Cu B.Cu) (net 6) (tstamp 21))
  (via (at 97.85655 78.1785) (size 0.8) (drill 0.4) (layers F.Cu B.Cu) (net 6) (tstamp 21))
  (via (at 98.85655 83.1785) (size 0.8) (drill 0.4) (layers F.Cu B.Cu) (net 6) (tstamp 21))
  (via (at 98.85655 87.1785) (size 0.8) (drill 0.4) (layers F.Cu B.Cu) (net 6) (tstamp 21))
  (via (at 100.85655 85.1785) (size 0.8) (drill 0.4) (layers F.Cu B.Cu) (net 6) (tstamp 21))
  (via (at 101.85655 59.1785) (size 0.8) (drill 0.4) (layers F.Cu B.Cu) (net 6) (tstamp 21))
  (via (at 101.85655 63.1785) (size 0.8) (drill 0.4) (layers F.Cu B.Cu) (net 6) (tstamp 21))
